0 69.3533 0.43905
750 767 779 747 771 750 

0 64.5234 -3.5682
802 805 802 805 805 800 

-11.8804 58.6447 -0.41865
840 840 861 840 861 840 

-31.1055 40.2275 -4.1679
1155 1131 1131 1155 1155 1131 

-51.3919 27.3546 -3.3655
1258 1250 1272 1248 1250 1272 

0 32.8745 -2.9687
1206 1206 1206 1206 1206 1206 

0 15.8587 -0.8936
1677 1676 1690 1675 1676 1690 

-8.33915 14.9823 -1.94825
1795 1780 1659 1780 1659 1780 

-8.62 8.82665 -2.333
1805 1817 1817 1817 1817 1805 

-10.9122 -31.5382 1.3943
1976 1978 1978 1978 1978 1976 

-16.3853 -69.3528 -6.1213
2088 2102 2102 2088 2102 2092 

9.1477 15.3111 7.6386
1779 1779 1621 1779 1621 1779 

9.3785 10.2733 7.1572
1804 1804 1804 1804 1804 1804 

10.9122 -31.3864 0.8062
1975 1977 1975 1977 1977 1977 

15.7012 -69.341 -6.4062
2091 2091 2087 2091 2087 2101 

11.8804 58.2254 -0.41865
841 841 865 841 860 841 

30.2534 41.1759 -7.15595
1122 1130 1130 1130 1122 1130 

51.6124 26.6403 -3.52525
1251 1257 1287 1251 1285 1287 

