0 4.595 0.515
-0.157989 4.595 0.515
-0.326117 4.595 0.515
-0.517306 4.595 0.515
-0.750594 4.595 0.513524
-0.986364 4.595 0.446658
-1.18221 4.595 0.301548
-0.980187 4.595 -1.20347
-0.74187 4.595 -1.26513
-0.517225 4.595 -1.27686
-0.326008 4.595 -1.2767
-0.157911 4.595 -1.27656
1.19209e-07 4.595 -1.27642
0.157864 4.595 -1.27629
0.325808 4.595 -1.27615
0.516648 4.595 -1.27586
0.738065 4.595 -1.26059
0.980187 4.595 -1.20347
1.18221 4.595 0.301548
0.986365 4.595 0.446658
0.750595 4.595 0.513524
0.517306 4.595 0.515
0.326118 4.595 0.515
0.157989 4.595 0.515
