0.003 4.000 0.853
-0.176 4.000 0.853
-0.365 4.000 0.853
-0.581 4.000 0.853
-0.844 3.995 0.839
-1.070 3.995 0.730
-1.191 3.995 0.521
-1.233 3.995 0.282
-1.270 3.995 0.057
-1.307 3.995 -0.167
-1.336 3.995 -0.403
-1.320 3.995 -0.647
-1.200 3.995 -0.860
-1.015 3.995 -1.019
-0.793 3.995 -1.112
-0.578 3.995 -1.168
-0.368 3.995 -1.177
-0.178 3.995 -1.178
0.000 3.995 -1.177
0.178 3.995 -1.176
0.367 3.995 -1.174
0.578 3.995 -1.168
0.793 3.995 -1.112
1.015 3.995 -1.019
1.200 3.995 -0.860
1.320 3.995 -0.648
1.337 3.995 -0.403
1.307 3.995 -0.167
1.270 3.995 0.057
1.233 3.995 0.282
1.192 3.995 0.521
1.071 3.995 0.731
0.845 3.995 0.840
0.584 3.995 0.845
0.368 3.995 0.845
0.178 3.995 0.845
