0 -0.805001 0.517
-0.158871 -0.805001 0.517
-0.327937 -0.805001 0.517
-0.520193 -0.805001 0.517
-0.756029 -0.805001 0.517
-1.05174 -0.805001 0.498511
-1.29867 -0.805001 0.365788
-1.50384 -0.805001 0.163352
-1.61585 -0.805001 -0.0990816
-1.66853 -0.805001 -0.384
-1.58837 -0.805001 -0.664073
-1.42403 -0.805001 -0.902305
-1.22047 -0.805001 -1.08864
-0.991047 -0.805001 -1.21559
-0.748938 -0.805001 -1.27655
-0.520147 -0.805001 -1.28492
-0.327828 -0.805001 -1.2847
-0.15877 -0.805001 -1.28443
1.19209e-07 -0.805001 -1.28417
0.158678 -0.805001 -1.28391
0.327441 -0.805001 -1.28364
0.519225 -0.805001 -1.28332
0.748938 -0.805001 -1.27655
0.991047 -0.805001 -1.21559
1.22047 -0.805001 -1.08864
1.42403 -0.805001 -0.902305
1.58837 -0.805001 -0.664073
1.66853 -0.805001 -0.384
1.61585 -0.805001 -0.0990817
1.50384 -0.805001 0.163352
1.29867 -0.805001 0.365788
1.05174 -0.805001 0.498511
0.756029 -0.805001 0.517
0.520193 -0.805001 0.517
0.327937 -0.805001 0.517
0.15887 -0.805001 0.517
