0.001 5.498 0.003
-0.103 5.498 0.002
-0.213 5.498 -0.002
-0.332 5.498 -0.011
-0.473 5.498 -0.023
-0.656 5.496 -0.038
-0.917 5.496 -0.059
-1.184 5.496 -1.019
-0.941 5.496 -1.132
-0.690 5.496 -1.167
-0.494 5.496 -1.178
-0.339 5.496 -1.176
-0.213 5.496 -1.174
-0.103 5.495 -1.173
-0.000 5.495 -1.172
0.103 5.495 -1.170
0.211 5.495 -1.169
0.334 5.495 -1.167
0.484 5.495 -1.166
0.685 5.495 -1.163
0.941 5.495 -1.131
1.184 5.495 -1.020
0.917 5.495 -0.059
0.656 5.495 -0.038
0.474 5.495 -0.024
0.333 5.495 -0.012
0.213 5.495 -0.003
0.104 5.495 0.001
