0.002 5.191 0.201
-0.131 5.192 0.204
-0.270 5.190 0.222
-0.414 5.192 0.197
-0.580 5.194 0.168
-0.786 5.195 0.134
-1.068 5.195 0.092
-1.190 5.195 -1.076
-1.102 5.195 -1.161
-0.848 5.195 -1.236
-0.627 5.195 -1.272
-0.434 5.195 -1.276
-0.272 5.195 -1.273
-0.131 5.195 -1.270
0.000 5.195 -1.267
0.131 5.195 -1.265
0.268 5.195 -1.262
0.424 5.195 -1.259
0.613 5.195 -1.255
0.848 5.195 -1.236
1.102 5.195 -1.161
1.190 5.195 -1.076
1.068 5.195 0.092
0.786 5.195 0.134
0.579 5.195 0.165
0.413 5.195 0.190
0.268 5.195 0.211
0.132 5.195 0.226
