0.000 3.695 0.840
-0.173 3.695 0.840
-0.356 3.695 0.839
-0.562 3.695 0.836
-0.802 3.695 0.817
-1.010 3.695 0.709
-1.138 3.695 0.518
-1.200 3.695 0.298
-1.251 3.695 0.082
-1.290 3.695 -0.138
-1.311 3.695 -0.370
-1.282 3.695 -0.605
-1.160 3.695 -0.808
-0.981 3.695 -0.962
-0.769 3.695 -1.054
-0.560 3.695 -1.108
-0.356 3.695 -1.116
-0.172 3.695 -1.116
0.000 3.695 -1.115
0.172 3.695 -1.114
0.355 3.695 -1.113
0.559 3.695 -1.107
0.769 3.695 -1.054
0.981 3.695 -0.962
1.160 3.695 -0.808
1.282 3.695 -0.605
1.311 3.695 -0.370
1.290 3.695 -0.138
1.251 3.695 0.082
1.200 3.695 0.298
1.138 3.695 0.518
1.010 3.695 0.709
0.802 3.695 0.817
0.562 3.695 0.836
0.356 3.695 0.839
0.173 3.695 0.840
