0.000 2.345 0.764
-0.157 2.345 0.763
-0.322 2.345 0.755
-0.502 2.345 0.740
-0.684 2.345 0.685
-0.858 2.345 0.590
-1.026 2.345 0.462
-1.159 2.345 0.292
-1.254 2.345 0.091
-1.293 2.345 -0.130
-1.272 2.345 -0.354
-1.193 2.345 -0.564
-1.058 2.345 -0.741
-0.892 2.345 -0.879
-0.707 2.345 -0.972
-0.513 2.345 -1.018
-0.325 2.345 -1.023
-0.157 2.345 -1.023
0.000 2.345 -1.022
0.157 2.345 -1.021
0.324 2.345 -1.021
0.511 2.345 -1.014
0.707 2.345 -0.972
0.892 2.345 -0.879
1.058 2.345 -0.741
1.193 2.345 -0.564
1.272 2.345 -0.354
1.293 2.345 -0.130
1.254 2.345 0.091
1.159 2.345 0.292
1.026 2.345 0.462
0.858 2.345 0.590
0.684 2.345 0.685
0.502 2.345 0.740
0.322 2.345 0.755
0.157 2.345 0.763
