0.000 1.895 0.702
-0.160 1.895 0.699
-0.326 1.895 0.689
-0.508 1.895 0.672
-0.695 1.895 0.621
-0.886 1.895 0.536
-1.077 1.895 0.414
-1.218 1.895 0.236
-1.314 1.895 0.024
-1.347 1.895 -0.207
-1.311 1.895 -0.439
-1.219 1.895 -0.651
-1.076 1.895 -0.829
-0.906 1.895 -0.968
-0.717 1.895 -1.062
-0.521 1.895 -1.110
-0.331 1.895 -1.116
-0.160 1.895 -1.115
0.000 1.895 -1.114
0.160 1.895 -1.113
0.329 1.895 -1.112
0.519 1.895 -1.107
0.717 1.895 -1.062
0.906 1.895 -0.968
1.076 1.895 -0.829
1.219 1.895 -0.651
1.311 1.895 -0.439
1.347 1.895 -0.207
1.314 1.895 0.024
1.218 1.895 0.236
1.077 1.895 0.414
0.886 1.895 0.536
0.695 1.895 0.621
0.508 1.895 0.672
0.326 1.895 0.689
0.160 1.895 0.699
