0 2.795 0.826
-0.154903 2.795 0.826
-0.317993 2.795 0.821178
-0.496981 2.795 0.808297
-0.672374 2.795 0.748804
-0.829549 2.795 0.643575
-0.974972 2.795 0.5104
-1.10105 2.795 0.348251
-1.19403 2.795 0.15804
-1.23813 2.795 -0.0525
-1.23315 2.795 -0.269937
-1.16793 2.795 -0.47759
-1.03997 2.795 -0.652927
-0.878332 2.795 -0.789508
-0.696308 2.795 -0.882327
-0.504734 2.795 -0.926725
-0.319622 2.795 -0.930653
-0.154771 2.795 -0.930248
1.19209e-07 2.795 -0.929869
0.154637 2.795 -0.929489
0.319051 2.795 -0.929086
0.502128 2.795 -0.922211
0.696307 2.795 -0.882327
0.878333 2.795 -0.789508
1.03997 2.795 -0.652927
1.16793 2.795 -0.47759
1.23315 2.795 -0.269937
1.23813 2.795 -0.0525
1.19403 2.795 0.15804
1.10105 2.795 0.34825
0.974972 2.795 0.5104
0.829549 2.795 0.643574
0.672374 2.795 0.748804
0.496981 2.795 0.808297
0.317993 2.795 0.821178
0.154903 2.795 0.826
