0 -0.705001 0.117
-0.158871 -0.755001 0.237
-0.327937 -0.805001 0.337
-0.520193 -0.805001 0.417
-0.756029 -0.805001 0.457
-1.05174 -0.805001 0.498511
-1.29867 -0.805001 0.365788
-1.50384 -0.805001 0.163352
-1.61585 -0.805001 -0.0990816
-1.66853 -0.805001 -0.384
-1.58837 -0.805001 -0.664073
-1.42403 -0.805001 -0.902305
-1.22047 -0.805001 -1.08864
-0.991047 -0.805001 -1.21559
-0.748938 -0.805001 -1.23655
-0.520147 -0.805001 -1.25492
-0.327828 -0.755001 -1.2647
-0.15877 -0.705001 -1.27443
1.19209e-07 -0.655001 -1.26417
0.158678 -0.705001 -1.27391
0.327441 -0.755001 -1.26364
0.519225 -0.805001 -1.25332
0.748938 -0.805001 -1.23655
0.991047 -0.805001 -1.21559
1.22047 -0.805001 -1.08864
1.42403 -0.805001 -0.902305
1.58837 -0.805001 -0.664073
1.66853 -0.805001 -0.384
1.61585 -0.805001 -0.0990817
1.50384 -0.805001 0.163352
1.29867 -0.805001 0.365788
1.05174 -0.805001 0.498511
0.756029 -0.805001 0.457
0.520193 -0.805001 0.417
0.327937 -0.805001 0.337
0.15887 -0.755001 0.237
