0 5.795 -0.00700001
-0.088688 5.795 -0.0165251
-0.171926 5.795 -0.0471372
-0.248907 5.795 -0.0883811
-0.323222 5.795 -0.1343
-0.400646 5.795 -0.183318
-0.48728 5.795 -0.238169
-0.59156 5.795 -0.30419
-0.728693 5.795 -0.391012
-0.931637 5.795 -0.5195
-1.05392 5.795 -0.705334
-0.97345 5.795 -0.873807
-0.816477 5.795 -0.990893
-0.609363 5.795 -1.03082
-0.425033 5.795 -1.02604
-0.290432 5.795 -1.02254
-0.18207 5.795 -1.01973
-0.0877733 5.795 -1.01729
0 5.795 -1.01501
0.086974 5.795 -1.01275
0.178664 5.795 -1.01038
0.281862 5.795 -1.0077
0.406926 5.795 -1.00446
0.572819 5.795 -1.00015
0.816477 5.795 -0.990893
0.97345 5.795 -0.873807
1.05392 5.795 -0.705334
0.931637 5.795 -0.5195
0.728693 5.795 -0.391012
0.59156 5.795 -0.30419
0.48728 5.795 -0.238169
0.400646 5.795 -0.183318
0.323222 5.795 -0.1343
0.248907 5.795 -0.0883811
0.171926 5.795 -0.0471372
0.0886879 5.795 -0.0165251
