0 0.0949991 0.454
-0.169683 0.0949991 0.445319
-0.343067 0.0949991 0.425569
-0.529539 0.0949991 0.400188
-0.740919 0.0949991 0.365993
-0.998512 0.0949991 0.320851
-1.28072 0.0949991 0.222423
-1.45097 0.0949991 0.0111107
-1.55534 0.0949991 -0.242752
-1.56535 0.0949991 -0.517
-1.46705 0.0949991 -0.775681
-1.3197 0.0949991 -0.997333
-1.14931 0.0949991 -1.18056
-0.961497 0.0949991 -1.32379
-0.759648 0.0949991 -1.42231
-0.553469 0.0949991 -1.47564
-0.353152 0.0949991 -1.48728
-0.170654 0.0949991 -1.48483
8.9407e-08 0.0949991 -1.48253
0.169848 0.0949991 -1.48025
0.349716 0.0949991 -1.47784
0.553162 0.0949991 -1.47511
0.759647 0.0949991 -1.42231
0.961497 0.0949991 -1.32379
1.14931 0.0949991 -1.18056
1.3197 0.0949991 -0.997333
1.46705 0.0949991 -0.775681
1.56535 0.0949991 -0.517
1.55534 0.0949991 -0.242752
1.45097 0.0949991 0.0111106
1.28072 0.0949991 0.222423
0.998512 0.0949991 0.320851
0.740919 0.0949991 0.365993
0.529539 0.0949991 0.400188
0.343067 0.0949991 0.425569
0.169683 0.0949991 0.445319
