0 4.295 0.657
-0.168304 4.295 0.657
-0.34741 4.295 0.657
-0.551081 4.295 0.657
-0.793592 4.295 0.648266
-1.06837 4.295 0.598965
-1.16827 4.295 0.377003
-1.26469 4.295 0.162808
-1.35 4.295 -0.0598306
-1.35 4.295 -0.2975
-1.35 4.295 -0.553344
-1.35 4.295 -0.807616
-1.2044 4.295 -0.992859
-0.98742 4.295 -1.12604
-0.781009 4.295 -1.22827
-0.550912 4.295 -1.25171
-0.347032 4.295 -1.25096
-0.168006 4.295 -1.25031
1.78814e-07 4.295 -1.2497
0.16779 4.295 -1.24908
0.346112 4.295 -1.24843
0.545519 4.295 -1.24237
0.779121 4.295 -1.22602
0.98742 4.295 -1.12604
1.2044 4.295 -0.992859
1.35 4.295 -0.807615
1.35 4.295 -0.553636
1.35 4.295 -0.2975
1.35 4.295 -0.0587451
1.26469 4.295 0.162808
1.16827 4.295 0.377003
1.06837 4.295 0.598965
0.793593 4.295 0.648266
0.551081 4.295 0.657
0.34741 4.295 0.657
0.168304 4.295 0.657
