0 3.995 0.845
-0.178443 3.995 0.845
-0.368338 3.995 0.845
-0.584279 3.995 0.845
-0.844805 3.995 0.839799
-1.07054 3.995 0.731286
-1.19173 3.995 0.521047
-1.23288 3.995 0.28173
-1.2701 3.995 0.0569537
-1.3072 3.995 -0.167
-1.33665 3.995 -0.402688
-1.32017 3.995 -0.647501
-1.20023 3.995 -0.859955
-1.0154 3.995 -1.01903
-0.792743 3.995 -1.11175
-0.578142 3.995 -1.16837
-0.367721 3.995 -1.17731
-0.178299 3.995 -1.17818
8.9407e-08 3.995 -1.17692
0.177855 3.995 -1.17567
0.366639 3.995 -1.17433
0.578142 3.995 -1.16837
0.792743 3.995 -1.11175
1.01541 3.995 -1.01903
1.20023 3.995 -0.859955
1.32017 3.995 -0.647501
1.33665 3.995 -0.402688
1.3072 3.995 -0.167
1.2701 3.995 0.0569536
1.23288 3.995 0.28173
1.19173 3.995 0.521047
1.07054 3.995 0.731285
0.844805 3.995 0.839799
0.584279 3.995 0.845
0.368338 3.995 0.845
0.178443 3.995 0.845
