0 6.095 0.069
-0.0788621 6.095 0.0522491
-0.152222 6.095 0.0232251
-0.219721 6.095 -0.0144325
-0.271496 6.095 -0.0714431
-0.31821 6.095 -0.12799
-0.363724 6.095 -0.185004
-0.397604 6.095 -0.250284
-0.421344 6.095 -0.320706
-0.440153 6.095 -0.395
-0.453684 6.095 -0.474997
-0.467297 6.095 -0.565082
-0.481344 6.095 -0.672904
-0.439584 6.095 -0.763855
-0.356102 6.095 -0.819386
-0.256004 6.095 -0.838412
-0.167206 6.095 -0.854395
-0.0817949 6.095 -0.858882
4.47035e-08 6.095 -0.857321
0.0812462 6.095 -0.85577
0.16711 6.095 -0.854132
0.256004 6.095 -0.838412
0.356102 6.095 -0.819386
0.439584 6.095 -0.763855
0.481344 6.095 -0.672904
0.467297 6.095 -0.565082
0.453684 6.095 -0.474997
0.440153 6.095 -0.395
0.421344 6.095 -0.320706
0.397604 6.095 -0.250284
0.363724 6.095 -0.185004
0.31821 6.095 -0.127991
0.271497 6.095 -0.0714432
0.219721 6.095 -0.0144325
0.152222 6.095 0.0232251
0.078862 6.095 0.0522491
