0 5.495 0.000999991
-0.103988 5.495 0.000747372
-0.213184 5.495 -0.0032805
-0.33267 5.495 -0.012798
-0.474042 5.495 -0.0240588
-0.655998 5.495 -0.0385522
-0.917347 5.495 -0.0593696
-1.18407 5.495 -1.01997
-0.940812 5.495 -1.13218
-0.690157 5.495 -1.16811
-0.494478 5.495 -1.1783
-0.339132 5.495 -1.17639
-0.213233 5.495 -1.17485
-0.103064 5.495 -1.1735
5.96046e-08 5.495 -1.17224
0.10262 5.495 -1.17099
0.211341 5.495 -1.16966
0.334372 5.495 -1.16815
0.484423 5.495 -1.16631
0.685087 5.495 -1.16386
0.940812 5.495 -1.13218
1.18407 5.495 -1.01997
0.917347 5.495 -0.0593696
0.655998 5.495 -0.0385523
0.474042 5.495 -0.0240588
0.33267 5.495 -0.012798
0.213185 5.495 -0.00328051
0.103988 5.495 0.000747373
