0 4.895 0.358
-0.144869 4.895 0.357592
-0.297918 4.895 0.354524
-0.469196 4.895 0.348671
-0.675983 4.895 0.341605
-0.924094 4.895 0.311407
-1.16892 4.895 0.210874
-1.327325 4.895 -1.0753625
-1.20211 4.895 -1.15804
-0.921197 4.895 -1.23698
-0.681074 4.895 -1.27567
-0.474358 4.895 -1.28561
-0.298747 4.895 -1.2848
-0.144603 4.895 -1.28409
1.19209e-07 4.895 -1.28342
0.144603 4.895 -1.28409
0.298747 4.895 -1.2848
0.474358 4.895 -1.28561
0.681047 4.895 -1.27567
0.921197 4.895 -1.23698
1.20211 4.895 -1.15804
1.32733 4.895 -1.075365
1.16892 4.895 0.210874
0.924094 4.895 0.311407
0.675983 4.895 0.341605
0.469196 4.895 0.348671
0.297919 4.895 0.354524
0.144869 4.895 0.357592
