0 60.8804 -1.11882
8898 8807 9030 1809 9030 2130 

0 53.0507 -2.88586
9031 8959 9446 8551 9192 9438 

-16.7798 48.9644 -1.94538
9495 8805 9593 8771 9193 9582 

-34.8055 31.9017 -2.8358
10971 10020 11073 9537 9564 10971 

-52.6213 16.8368 6.05066
14502 10944 14606 10831 10920 13854 

0 19.1418 -1.47683
11693 10887 13233 10698 12684 11316 

0 1.06213 -3.56849
16514 16443 17059 12434 16503 13477 

-9.62372 0.351845 -3.56801
16580 16771 17069 12782 16502 13477 

-11.5507 -6.0716 -4.2281
17151 16852 17163 16425 16502 16444 

-21.5151 -38.7814 -5.46142
17894 17330 17912 17330 17911 17347 

-34.1675 -74.437 -0.205858
19048 18229 20554 18201 18828 20328 

9.30117 0.141113 -3.56929
16437 17028 17074 12851 16503 13476 

11.5448 -6.07036 -4.22871
17003 17147 17162 16424 16503 16445 

21.8144 -39.4691 -5.47878
17380 17895 17925 17342 17909 17344 

33.5463 -73.5787 -0.205833
18192 19047 20413 18184 18829 20329 

15.1453 50.5639 -1.94539
8699 9386 9592 8699 9192 9581 

34.5545 31.8933 -2.93907
9648 11021 11076 9538 9648 11021 

54.6218 14.9703 6.46739
11136 15868 15874 10931 11006 13853 

