0.001 4.296 0.656
-0.168 4.295 0.657
-0.347 4.295 0.657
-0.551 4.295 0.657
-0.794 4.295 0.648
-1.068 4.295 0.599
-1.168 4.295 0.377
-1.265 4.295 0.163
-1.350 4.295 -0.060
-1.350 4.295 -0.297
-1.350 4.295 -0.553
-1.350 4.295 -0.808
-1.204 4.295 -0.993
-0.987 4.295 -1.126
-0.781 4.295 -1.228
-0.551 4.295 -1.252
-0.347 4.295 -1.251
-0.168 4.295 -1.250
0.000 4.295 -1.250
0.168 4.295 -1.249
0.346 4.295 -1.248
0.546 4.295 -1.242
0.779 4.295 -1.226
0.987 4.295 -1.126
1.204 4.295 -0.993
1.350 4.295 -0.808
1.350 4.295 -0.554
1.350 4.295 -0.297
1.350 4.295 -0.059
1.265 4.295 0.163
1.168 4.295 0.377
1.068 4.295 0.599
0.794 4.295 0.648
0.551 4.295 0.657
0.347 4.295 0.657
0.168 4.295 0.657
