0.006 -0.702 0.123
-0.153 -0.752 0.243
-0.322 -0.802 0.343
-0.514 -0.802 0.423
-0.750 -0.802 0.463
-1.053 -0.804 0.496
-1.300 -0.804 0.363
-1.505 -0.804 0.161
-1.617 -0.804 -0.101
-1.670 -0.804 -0.386
-1.590 -0.804 -0.666
-1.425 -0.804 -0.905
-1.222 -0.804 -1.091
-0.992 -0.804 -1.218
-0.750 -0.804 -1.239
-0.520 -0.805 -1.255
-0.327 -0.755 -1.265
-0.158 -0.705 -1.275
0.000 -0.655 -1.264
0.159 -0.705 -1.274
0.328 -0.755 -1.264
0.520 -0.805 -1.254
0.749 -0.805 -1.237
0.991 -0.805 -1.216
1.221 -0.805 -1.089
1.424 -0.805 -0.903
1.589 -0.805 -0.664
1.669 -0.805 -0.384
1.616 -0.805 -0.099
1.504 -0.805 0.163
1.299 -0.805 0.366
1.052 -0.805 0.498
0.756 -0.805 0.457
0.521 -0.805 0.417
0.328 -0.805 0.337
0.159 -0.755 0.237
