-0.000 0.095 0.454
-0.170 0.095 0.445
-0.343 0.095 0.426
-0.530 0.095 0.400
-0.741 0.095 0.366
-0.999 0.095 0.321
-1.281 0.095 0.222
-1.451 0.095 0.011
-1.555 0.095 -0.243
-1.565 0.095 -0.517
-1.467 0.095 -0.776
-1.320 0.095 -0.997
-1.149 0.095 -1.181
-0.962 0.095 -1.324
-0.760 0.095 -1.422
-0.553 0.095 -1.476
-0.353 0.095 -1.487
-0.171 0.095 -1.485
-0.000 0.095 -1.483
0.170 0.095 -1.480
0.350 0.095 -1.478
0.553 0.095 -1.475
0.760 0.095 -1.422
0.961 0.095 -1.324
1.149 0.095 -1.181
1.320 0.095 -0.997
1.467 0.095 -0.776
1.565 0.095 -0.517
1.555 0.095 -0.243
1.451 0.095 0.011
1.281 0.095 0.222
0.999 0.095 0.321
0.741 0.095 0.366
0.530 0.095 0.400
0.343 0.095 0.426
0.170 0.095 0.445
