-0.004 6.108 0.095
-0.080 6.088 0.043
-0.153 6.098 0.030
-0.221 6.098 -0.008
-0.272 6.098 -0.065
-0.319 6.098 -0.121
-0.365 6.098 -0.178
-0.399 6.098 -0.244
-0.422 6.098 -0.314
-0.441 6.098 -0.388
-0.455 6.098 -0.468
-0.468 6.098 -0.558
-0.482 6.098 -0.666
-0.441 6.098 -0.757
-0.357 6.098 -0.813
-0.257 6.098 -0.832
-0.168 6.098 -0.848
-0.081 6.095 -0.857
0.001 6.095 -0.855
0.082 6.095 -0.854
0.168 6.095 -0.852
0.257 6.095 -0.836
0.357 6.095 -0.817
0.439 6.096 -0.762
0.481 6.096 -0.671
0.467 6.095 -0.565
0.454 6.095 -0.475
0.440 6.095 -0.395
0.421 6.095 -0.321
0.398 6.095 -0.250
0.364 6.095 -0.185
0.318 6.095 -0.128
0.271 6.095 -0.071
0.220 6.095 -0.014
0.152 6.095 0.023
0.079 6.095 0.052
