-0.003 4.900 0.365
-0.148 4.900 0.365
-0.301 4.900 0.362
-0.472 4.900 0.356
-0.675 4.893 0.339
-0.923 4.893 0.309
-1.168 4.893 0.209
-1.326 4.893 -1.078
-1.201 4.893 -1.160
-0.920 4.893 -1.239
-0.681 4.897 -1.277
-0.475 4.895 -1.287
-0.299 4.895 -1.286
-0.145 4.895 -1.286
-0.001 4.895 -1.285
0.144 4.895 -1.286
0.298 4.895 -1.286
0.474 4.895 -1.285
0.681 4.895 -1.275
0.921 4.895 -1.236
1.202 4.895 -1.158
1.327 4.895 -1.075
1.169 4.895 0.211
0.924 4.895 0.312
0.676 4.895 0.342
0.469 4.895 0.349
0.298 4.895 0.355
0.145 4.895 0.358
