0.005 5.798 -0.023
-0.085 5.789 -0.018
-0.169 5.789 -0.049
-0.249 5.796 -0.089
-0.323 5.796 -0.135
-0.401 5.796 -0.184
-0.487 5.796 -0.239
-0.591 5.796 -0.305
-0.729 5.796 -0.392
-0.932 5.796 -0.521
-1.054 5.796 -0.706
-0.974 5.796 -0.874
-0.816 5.795 -0.990
-0.609 5.795 -1.030
-0.425 5.795 -1.025
-0.290 5.795 -1.022
-0.182 5.795 -1.019
-0.088 5.795 -1.017
0.000 5.795 -1.015
0.087 5.795 -1.013
0.179 5.795 -1.010
0.282 5.795 -1.008
0.407 5.795 -1.005
0.573 5.795 -1.000
0.817 5.795 -0.991
0.973 5.795 -0.874
1.054 5.795 -0.705
0.932 5.795 -0.520
0.729 5.795 -0.391
0.592 5.795 -0.304
0.487 5.795 -0.238
0.401 5.795 -0.183
0.323 5.795 -0.134
0.249 5.795 -0.088
0.172 5.795 -0.047
0.089 5.795 -0.017
