0.000 2.783 0.809
-0.154 2.796 0.826
-0.317 2.796 0.821
-0.496 2.796 0.808
-0.671 2.796 0.749
-0.829 2.796 0.644
-0.974 2.796 0.511
-1.100 2.796 0.348
-1.193 2.796 0.158
-1.237 2.796 -0.052
-1.232 2.796 -0.270
-1.167 2.796 -0.477
-1.039 2.796 -0.653
-0.877 2.796 -0.789
-0.695 2.796 -0.882
-0.504 2.796 -0.927
-0.320 2.795 -0.930
-0.155 2.795 -0.930
-0.000 2.795 -0.929
0.155 2.795 -0.929
0.319 2.795 -0.929
0.502 2.795 -0.922
0.696 2.795 -0.882
0.878 2.795 -0.789
1.040 2.795 -0.652
1.168 2.795 -0.477
1.233 2.795 -0.269
1.238 2.795 -0.052
1.194 2.795 0.159
1.101 2.795 0.348
0.975 2.795 0.510
0.829 2.795 0.643
0.672 2.795 0.749
0.497 2.795 0.808
0.318 2.795 0.821
0.155 2.795 0.826
