0.000 3.395 0.835
-0.167 3.395 0.835
-0.343 3.395 0.833
-0.541 3.395 0.827
-0.759 3.395 0.794
-0.950 3.395 0.687
-1.083 3.395 0.516
-1.167 3.395 0.315
-1.232 3.395 0.107
-1.273 3.395 -0.110
-1.285 3.395 -0.336
-1.244 3.395 -0.563
-1.120 3.395 -0.756
-0.947 3.395 -0.904
-0.745 3.395 -0.997
-0.541 3.395 -1.048
-0.344 3.395 -1.054
-0.167 3.395 -1.054
0.000 3.395 -1.053
0.166 3.395 -1.053
0.343 3.395 -1.052
0.540 3.395 -1.045
0.745 3.395 -0.997
0.947 3.395 -0.904
1.120 3.395 -0.756
1.244 3.395 -0.563
1.285 3.395 -0.336
1.273 3.395 -0.110
1.232 3.395 0.107
1.167 3.395 0.315
1.083 3.395 0.516
0.950 3.395 0.687
0.759 3.395 0.794
0.541 3.395 0.827
0.343 3.395 0.833
0.167 3.395 0.835
