0.000 3.095 0.831
-0.161 3.095 0.831
-0.331 3.095 0.827
-0.519 3.095 0.817
-0.715 3.095 0.772
-0.890 3.095 0.666
-1.029 3.095 0.513
-1.134 3.095 0.332
-1.213 3.095 0.133
-1.255 3.095 -0.081
-1.259 3.095 -0.303
-1.206 3.095 -0.520
-1.080 3.095 -0.705
-0.913 3.095 -0.847
-0.720 3.095 -0.940
-0.523 3.095 -0.987
-0.332 3.095 -0.992
-0.161 3.095 -0.992
0.000 3.095 -0.992
0.160 3.095 -0.991
0.331 3.095 -0.990
0.521 3.095 -0.984
0.720 3.095 -0.940
0.913 3.095 -0.847
1.080 3.095 -0.705
1.206 3.095 -0.520
1.259 3.095 -0.303
1.255 3.095 -0.081
1.213 3.095 0.133
1.134 3.095 0.332
1.029 3.095 0.513
0.890 3.095 0.666
0.715 3.095 0.772
0.519 3.095 0.817
0.331 3.095 0.827
0.161 3.095 0.831
