0.000 2.795 0.826
-0.155 2.795 0.826
-0.318 2.795 0.821
-0.497 2.795 0.808
-0.672 2.795 0.749
-0.830 2.795 0.644
-0.975 2.795 0.510
-1.101 2.795 0.348
-1.194 2.795 0.158
-1.238 2.795 -0.052
-1.233 2.795 -0.270
-1.168 2.795 -0.478
-1.040 2.795 -0.653
-0.878 2.795 -0.790
-0.696 2.795 -0.882
-0.505 2.795 -0.927
-0.320 2.795 -0.931
-0.155 2.795 -0.930
0.000 2.795 -0.930
0.155 2.795 -0.929
0.319 2.795 -0.929
0.502 2.795 -0.922
0.696 2.795 -0.882
0.878 2.795 -0.790
1.040 2.795 -0.653
1.168 2.795 -0.478
1.233 2.795 -0.270
1.238 2.795 -0.052
1.194 2.795 0.158
1.101 2.795 0.348
0.975 2.795 0.510
0.830 2.795 0.644
0.672 2.795 0.749
0.497 2.795 0.808
0.318 2.795 0.821
0.155 2.795 0.826
