0.000 1.445 0.640
-0.162 1.445 0.636
-0.331 1.445 0.623
-0.513 1.445 0.604
-0.707 1.445 0.557
-0.914 1.445 0.482
-1.128 1.445 0.366
-1.276 1.445 0.180
-1.375 1.445 -0.042
-1.402 1.445 -0.285
-1.350 1.445 -0.523
-1.244 1.445 -0.737
-1.095 1.445 -0.917
-0.920 1.445 -1.057
-0.728 1.445 -1.152
-0.529 1.445 -1.201
-0.336 1.445 -1.209
-0.163 1.445 -1.208
0.000 1.445 -1.206
0.162 1.445 -1.205
0.334 1.445 -1.203
0.528 1.445 -1.199
0.728 1.445 -1.152
0.920 1.445 -1.057
1.095 1.445 -0.917
1.244 1.445 -0.737
1.350 1.445 -0.523
1.402 1.445 -0.285
1.375 1.445 -0.042
1.276 1.445 0.180
1.128 1.445 0.366
0.914 1.445 0.482
0.707 1.445 0.557
0.513 1.445 0.604
0.331 1.445 0.623
0.162 1.445 0.636
