0.000 0.995 0.578
-0.165 0.995 0.572
-0.335 0.995 0.557
-0.519 0.995 0.536
-0.718 0.995 0.494
-0.942 0.995 0.428
-1.179 0.995 0.318
-1.334 0.995 0.123
-1.435 0.995 -0.109
-1.456 0.995 -0.362
-1.389 0.995 -0.607
-1.269 0.995 -0.824
-1.113 0.995 -1.005
-0.934 0.995 -1.146
-0.739 0.995 -1.242
-0.537 0.995 -1.293
-0.342 0.995 -1.302
-0.165 0.995 -1.300
0.000 0.995 -1.298
0.165 0.995 -1.297
0.339 0.995 -1.295
0.536 0.995 -1.291
0.739 0.995 -1.242
0.934 0.995 -1.146
1.113 0.995 -1.005
1.269 0.995 -0.824
1.389 0.995 -0.607
1.456 0.995 -0.362
1.435 0.995 -0.109
1.334 0.995 0.123
1.179 0.995 0.318
0.942 0.995 0.428
0.718 0.995 0.494
0.519 0.995 0.536
0.335 0.995 0.557
0.165 0.995 0.572
