0.000 0.545 0.516
-0.167 0.545 0.509
-0.339 0.545 0.492
-0.524 0.545 0.468
-0.729 0.545 0.430
-0.970 0.545 0.375
-1.230 0.545 0.270
-1.393 0.545 0.067
-1.495 0.545 -0.176
-1.511 0.545 -0.440
-1.428 0.545 -0.691
-1.294 0.545 -0.911
-1.131 0.545 -1.093
-0.948 0.545 -1.235
-0.749 0.545 -1.332
-0.545 0.545 -1.384
-0.348 0.545 -1.395
-0.168 0.545 -1.392
0.000 0.545 -1.390
0.167 0.545 -1.388
0.345 0.545 -1.386
0.545 0.545 -1.383
0.749 0.545 -1.332
0.948 0.545 -1.235
1.131 0.545 -1.093
1.294 0.545 -0.911
1.428 0.545 -0.691
1.511 0.545 -0.440
1.495 0.545 -0.176
1.393 0.545 0.067
1.230 0.545 0.270
0.970 0.545 0.375
0.729 0.545 0.430
0.524 0.545 0.468
0.339 0.545 0.492
0.167 0.545 0.509
