0.000 6.537 0.390
-0.079 6.537 0.373
-0.152 6.537 0.344
-0.220 6.537 0.307
-0.271 6.537 0.250
-0.318 6.537 0.193
-0.364 6.537 0.136
-0.398 6.537 0.071
-0.421 6.537 0.000
-0.440 6.537 -0.074
-0.454 6.537 -0.154
-0.467 6.537 -0.244
-0.481 6.537 -0.352
-0.440 6.537 -0.443
-0.356 6.537 -0.498
-0.256 6.537 -0.517
-0.167 6.537 -0.533
-0.082 6.537 -0.538
0.000 6.537 -0.536
0.081 6.537 -0.535
0.167 6.537 -0.533
0.256 6.537 -0.517
0.356 6.537 -0.498
0.440 6.537 -0.443
0.481 6.537 -0.352
0.467 6.537 -0.244
0.454 6.537 -0.154
0.440 6.537 -0.074
0.421 6.537 0.000
0.398 6.537 0.071
0.364 6.537 0.136
0.318 6.537 0.193
0.271 6.537 0.250
0.220 6.537 0.307
0.152 6.537 0.344
0.079 6.537 0.373
0.000 6.237 0.314
-0.089 6.237 0.305
-0.172 6.237 0.274
-0.249 6.237 0.233
-0.323 6.237 0.187
-0.401 6.237 0.138
-0.487 6.237 0.083
-0.592 6.237 0.017
-0.729 6.237 -0.070
-0.932 6.237 -0.198
-1.054 6.237 -0.384
-0.973 6.237 -0.553
-0.816 6.237 -0.670
-0.609 6.237 -0.710
-0.425 6.237 -0.705
-0.290 6.237 -0.701
-0.182 6.237 -0.699
-0.088 6.237 -0.696
0.000 6.237 -0.694
0.087 6.237 -0.692
0.179 6.237 -0.689
0.282 6.237 -0.687
0.407 6.237 -0.683
0.573 6.237 -0.679
0.816 6.237 -0.670
0.973 6.237 -0.553
1.054 6.237 -0.384
0.932 6.237 -0.198
0.729 6.237 -0.070
0.592 6.237 0.017
0.487 6.237 0.083
0.401 6.237 0.138
0.323 6.237 0.187
0.249 6.237 0.233
0.172 6.237 0.274
0.089 6.237 0.305
0.000 5.937 0.322
-0.104 5.937 0.322
-0.213 5.937 0.318
-0.333 5.937 0.308
-0.474 5.937 0.297
-0.656 5.937 0.283
-0.917 5.937 0.262
-1.184 5.937 -0.699
-0.941 5.937 -0.811
-0.690 5.937 -0.847
-0.494 5.937 -0.857
-0.339 5.937 -0.855
-0.213 5.937 -0.854
-0.103 5.937 -0.852
0.000 5.937 -0.851
0.103 5.937 -0.850
0.211 5.937 -0.849
0.334 5.937 -0.847
0.484 5.937 -0.845
0.685 5.937 -0.843
0.941 5.937 -0.811
1.184 5.937 -0.699
0.917 5.937 0.262
0.656 5.937 0.283
0.474 5.937 0.297
0.333 5.937 0.308
0.213 5.937 0.318
0.104 5.937 0.322
0.000 5.637 0.550
-0.132 5.637 0.547
-0.268 5.637 0.532
-0.413 5.637 0.511
-0.579 5.637 0.486
-0.785 5.637 0.455
-1.068 5.637 0.413
-1.190 5.637 -0.755
-1.102 5.637 -0.840
-0.848 5.637 -0.915
-0.627 5.637 -0.951
-0.434 5.637 -0.955
-0.272 5.637 -0.952
-0.131 5.637 -0.949
0.000 5.637 -0.946
0.130 5.637 -0.944
0.268 5.637 -0.941
0.424 5.637 -0.938
0.613 5.637 -0.934
0.848 5.637 -0.915
1.102 5.637 -0.840
1.190 5.637 -0.755
1.068 5.637 0.413
0.785 5.637 0.455
0.579 5.637 0.486
0.413 5.637 0.511
0.268 5.637 0.532
0.132 5.637 0.547
0.000 5.337 0.679
-0.145 5.337 0.679
-0.298 5.337 0.676
-0.469 5.337 0.670
-0.676 5.337 0.663
-0.924 5.337 0.633
-1.169 5.337 0.532
-1.327 5.337 -0.754
-1.202 5.337 -0.837
-0.921 5.337 -0.916
-0.681 5.337 -0.955
-0.474 5.337 -0.964
-0.299 5.337 -0.964
-0.145 5.337 -0.963
0.000 5.337 -0.962
0.145 5.337 -0.963
0.299 5.337 -0.964
0.474 5.337 -0.964
0.681 5.337 -0.955
0.921 5.337 -0.916
1.202 5.337 -0.837
1.327 5.337 -0.754
1.169 5.337 0.532
0.924 5.337 0.633
0.676 5.337 0.663
0.469 5.337 0.670
0.298 5.337 0.676
0.145 5.337 0.679
0.000 5.037 0.836
-0.158 5.037 0.836
-0.326 5.037 0.836
-0.517 5.037 0.836
-0.751 5.037 0.835
-0.986 5.037 0.768
-1.182 5.037 0.623
-0.980 5.037 -0.882
-0.742 5.037 -0.944
-0.517 5.037 -0.956
-0.326 5.037 -0.956
-0.158 5.037 -0.955
0.000 5.037 -0.955
0.158 5.037 -0.955
0.326 5.037 -0.955
0.517 5.037 -0.955
0.738 5.037 -0.939
0.980 5.037 -0.882
1.182 5.037 0.623
0.986 5.037 0.768
0.751 5.037 0.835
0.517 5.037 0.836
0.326 5.037 0.836
0.158 5.037 0.836
0.000 4.737 0.978
-0.168 4.737 0.978
-0.347 4.737 0.978
-0.551 4.737 0.978
-0.794 4.737 0.969
-1.068 4.737 0.920
-1.168 4.737 0.698
-1.265 4.737 0.484
-1.350 4.737 0.261
-1.350 4.737 0.024
-1.350 4.737 -0.232
-1.350 4.737 -0.486
-1.204 4.737 -0.672
-0.987 4.737 -0.805
-0.781 4.737 -0.907
-0.551 4.737 -0.931
-0.347 4.737 -0.930
-0.168 4.737 -0.929
0.000 4.737 -0.929
0.168 4.737 -0.928
0.346 4.737 -0.927
0.546 4.737 -0.921
0.779 4.737 -0.905
0.987 4.737 -0.805
1.204 4.737 -0.672
1.350 4.737 -0.486
1.350 4.737 -0.232
1.350 4.737 0.024
1.350 4.737 0.262
1.265 4.737 0.484
1.168 4.737 0.698
1.068 4.737 0.920
0.794 4.737 0.969
0.551 4.737 0.978
0.347 4.737 0.978
0.168 4.737 0.978
0.000 4.437 1.166
-0.178 4.437 1.166
-0.368 4.437 1.166
-0.584 4.437 1.166
-0.845 4.437 1.161
-1.071 4.437 1.052
-1.192 4.437 0.842
-1.233 4.437 0.603
-1.270 4.437 0.378
-1.307 4.437 0.154
-1.337 4.437 -0.082
-1.320 4.437 -0.326
-1.200 4.437 -0.539
-1.015 4.437 -0.698
-0.793 4.437 -0.791
-0.578 4.437 -0.847
-0.368 4.437 -0.856
-0.178 4.437 -0.857
0.000 4.437 -0.856
0.178 4.437 -0.855
0.367 4.437 -0.853
0.578 4.437 -0.847
0.793 4.437 -0.791
1.015 4.437 -0.698
1.200 4.437 -0.539
1.320 4.437 -0.326
1.337 4.437 -0.082
1.307 4.437 0.154
1.270 4.437 0.378
1.233 4.437 0.603
1.192 4.437 0.842
1.071 4.437 1.052
0.845 4.437 1.161
0.584 4.437 1.166
0.368 4.437 1.166
0.178 4.437 1.166
0.000 3.237 1.147
-0.155 3.237 1.147
-0.318 3.237 1.142
-0.497 3.237 1.129
-0.672 3.237 1.070
-0.830 3.237 0.965
-0.975 3.237 0.832
-1.101 3.237 0.669
-1.194 3.237 0.479
-1.238 3.237 0.269
-1.233 3.237 0.051
-1.168 3.237 -0.156
-1.040 3.237 -0.332
-0.878 3.237 -0.468
-0.696 3.237 -0.561
-0.505 3.237 -0.606
-0.320 3.237 -0.610
-0.155 3.237 -0.609
0.000 3.237 -0.609
0.155 3.237 -0.608
0.319 3.237 -0.608
0.502 3.237 -0.601
0.696 3.237 -0.561
0.878 3.237 -0.468
1.040 3.237 -0.332
1.168 3.237 -0.156
1.233 3.237 0.051
1.238 3.237 0.269
1.194 3.237 0.479
1.101 3.237 0.669
0.975 3.237 0.832
0.830 3.237 0.965
0.672 3.237 1.070
0.497 3.237 1.129
0.318 3.237 1.142
0.155 3.237 1.147
0.000 0.537 0.775
-0.170 0.537 0.766
-0.343 0.537 0.747
-0.530 0.537 0.721
-0.741 0.537 0.687
-0.999 0.537 0.642
-1.281 0.537 0.544
-1.451 0.537 0.332
-1.555 0.537 0.078
-1.565 0.537 -0.196
-1.467 0.537 -0.455
-1.320 0.537 -0.676
-1.149 0.537 -0.859
-0.961 0.537 -1.003
-0.760 0.537 -1.101
-0.553 0.537 -1.155
-0.353 0.537 -1.166
-0.171 0.537 -1.164
0.000 0.537 -1.161
0.170 0.537 -1.159
0.350 0.537 -1.157
0.553 0.537 -1.154
0.760 0.537 -1.101
0.961 0.537 -1.003
1.149 0.537 -0.859
1.320 0.537 -0.676
1.467 0.537 -0.455
1.565 0.537 -0.196
1.555 0.537 0.078
1.451 0.537 0.332
1.281 0.537 0.544
0.999 0.537 0.642
0.741 0.537 0.687
0.530 0.537 0.721
0.343 0.537 0.747
0.170 0.537 0.766
0.000 -0.263 0.438
-0.159 -0.313 0.558
-0.328 -0.363 0.658
-0.520 -0.363 0.738
-0.756 -0.363 0.778
-1.052 -0.363 0.820
-1.299 -0.363 0.687
-1.504 -0.363 0.484
-1.616 -0.363 0.222
-1.669 -0.363 -0.063
-1.588 -0.363 -0.343
-1.424 -0.363 -0.581
-1.220 -0.363 -0.768
-0.991 -0.363 -0.894
-0.749 -0.363 -0.915
-0.520 -0.363 -0.934
-0.328 -0.313 -0.944
-0.159 -0.263 -0.953
0.000 -0.213 -0.943
0.159 -0.263 -0.953
0.327 -0.313 -0.943
0.519 -0.363 -0.932
0.749 -0.363 -0.915
0.991 -0.363 -0.894
1.220 -0.363 -0.768
1.424 -0.363 -0.581
1.588 -0.363 -0.343
1.669 -0.363 -0.063
1.616 -0.363 0.222
1.504 -0.363 0.484
1.299 -0.363 0.687
1.052 -0.363 0.820
0.756 -0.363 0.778
0.520 -0.363 0.738
0.328 -0.363 0.658
0.159 -0.313 0.558
-1.167 -0.568 0.873
-1.399 -0.483 0.776
-1.592 -0.413 0.578
-1.698 -0.374 0.329
-1.746 -0.357 0.066
-1.671 -0.384 -0.138
-1.517 -0.440 -0.435
-1.316 -0.513 -0.665
-1.110 -0.588 -0.742
-0.883 -0.671 -0.815
-0.668 -0.749 -0.760
-0.486 -0.816 -0.598
-0.261 -0.897 -0.397
-0.190 -0.923 -0.111
-0.325 -0.874 0.167
-0.485 -0.816 0.423
-0.673 -0.747 0.651
-0.889 -0.669 0.828
0.886 -0.660 0.873
0.613 -0.759 0.828
0.396 -0.838 0.651
0.246 -0.893 0.423
0.158 -0.925 0.167
0.135 -0.933 -0.111
0.191 -0.913 -0.397
0.390 -0.840 -0.598
0.616 -0.758 -0.760
0.886 -0.660 -0.815
1.150 -0.564 -0.742
1.369 -0.484 -0.582
1.529 -0.426 -0.365
1.620 -0.392 -0.108
1.609 -0.396 0.166
1.519 -0.429 0.419
1.365 -0.485 0.638
1.151 -0.563 0.806
-2.093 -3.104 0.740
-2.251 -3.046 0.651
-2.364 -3.005 0.533
-2.456 -2.972 0.413
-2.542 -2.941 0.274
-2.595 -2.921 0.095
-2.552 -2.937 -0.093
-2.441 -2.977 -0.252
-2.278 -3.036 -0.353
-2.093 -3.104 -0.377
-1.905 -3.172 -0.360
-1.719 -3.240 -0.284
-1.608 -3.280 -0.108
-1.589 -3.287 0.095
-1.605 -3.281 0.281
-1.664 -3.260 0.453
-1.770 -3.222 0.600
-1.912 -3.170 0.719
1.967 -3.140 0.740
1.786 -3.205 0.719
1.644 -3.257 0.600
1.538 -3.296 0.453
1.479 -3.317 0.281
1.464 -3.323 0.095
1.482 -3.316 -0.108
1.593 -3.276 -0.284
1.779 -3.208 -0.360
1.967 -3.140 -0.377
2.152 -3.072 -0.353
2.315 -3.013 -0.252
2.426 -2.972 -0.093
2.469 -2.957 0.095
2.416 -2.976 0.274
2.330 -3.007 0.413
2.238 -3.041 0.533
2.125 -3.082 0.651
-3.512 -6.419 0.182
-3.612 -6.382 0.165
-3.696 -6.351 0.106
-3.742 -6.335 0.013
-3.753 -6.331 -0.083
-3.742 -6.335 -0.171
-3.717 -6.344 -0.254
-3.676 -6.359 -0.336
-3.606 -6.384 -0.405
-3.512 -6.419 -0.436
-3.412 -6.455 -0.420
-3.333 -6.484 -0.354
-3.292 -6.499 -0.263
-3.275 -6.505 -0.172
-3.273 -6.505 -0.083
-3.290 -6.499 0.009
-3.330 -6.485 0.102
-3.412 -6.455 0.163
3.392 -6.452 0.182
3.291 -6.489 0.165
3.208 -6.519 0.105
3.164 -6.535 0.012
3.161 -6.536 -0.085
3.157 -6.537 -0.172
3.167 -6.534 -0.266
3.211 -6.518 -0.358
3.291 -6.489 -0.422
3.392 -6.452 -0.436
3.486 -6.418 -0.403
3.553 -6.393 -0.332
3.592 -6.379 -0.251
3.616 -6.370 -0.170
3.627 -6.366 -0.084
3.617 -6.370 0.011
3.574 -6.386 0.103
3.491 -6.416 0.163
-1.329 6.087 0.216
-1.341 6.087 -0.026
-1.354 6.087 -0.267
-1.366 6.087 -0.509
-1.378 5.837 -0.669
-1.383 5.437 -0.732
-1.398 5.037 -0.792
-1.292 5.037 -0.544
-1.317 5.037 -0.297
-1.341 5.037 -0.049
-1.365 5.037 0.198
-1.389 5.037 0.446
-1.407 5.337 0.369
-1.361 5.837 0.292
-1.808 5.092 0.282
-1.650 4.933 0.273
-1.549 4.833 0.099
-1.520 4.803 -0.100
-1.500 4.784 -0.292
-1.533 4.817 -0.503
-1.595 4.879 -0.610
-1.738 5.021 -0.658
-1.852 5.136 -0.633
-1.946 5.230 -0.484
-2.068 5.351 -0.288
-2.075 5.358 -0.095
-2.052 5.336 0.082
-1.948 5.232 0.218
-2.889 3.924 0.239
-3.016 4.051 0.247
-3.114 4.149 0.126
-3.134 4.170 -0.048
-3.114 4.149 -0.201
-3.072 4.107 -0.335
-2.999 4.034 -0.452
-2.889 3.924 -0.492
-2.765 3.800 -0.491
-2.681 3.716 -0.362
-2.648 3.683 -0.206
-2.677 3.712 -0.060
-2.723 3.758 0.059
-2.788 3.823 0.166
-4.674 2.315 0.164
-4.740 2.381 0.116
-4.776 2.417 0.037
-4.787 2.428 -0.042
-4.794 2.435 -0.117
-4.790 2.431 -0.208
-4.748 2.389 -0.296
-4.674 2.315 -0.340
-4.596 2.237 -0.306
-4.558 2.199 -0.209
-4.553 2.194 -0.117
-4.554 2.195 -0.039
-4.569 2.209 0.041
-4.600 2.241 0.140
1.329 6.087 0.216
1.361 5.837 0.292
1.407 5.337 0.369
1.389 5.037 0.446
1.365 5.037 0.198
1.341 5.037 -0.049
1.317 5.037 -0.297
1.292 5.037 -0.544
1.398 5.037 -0.792
1.383 5.437 -0.732
1.378 5.837 -0.669
1.366 6.087 -0.509
1.354 6.087 -0.267
1.341 6.087 -0.026
1.872 5.028 0.282
1.713 4.870 0.273
1.613 4.769 0.099
1.583 4.740 -0.100
1.564 4.720 -0.292
1.597 4.753 -0.503
1.730 4.886 -0.610
1.872 5.028 -0.658
2.022 5.178 -0.633
2.130 5.286 -0.484
2.167 5.323 -0.288
2.174 5.330 -0.095
2.116 5.272 0.082
2.012 5.168 0.218
2.889 3.924 0.239
2.788 3.823 0.166
2.723 3.758 0.059
2.677 3.712 -0.060
2.648 3.683 -0.206
2.681 3.716 -0.362
2.765 3.800 -0.491
2.889 3.924 -0.492
2.999 4.034 -0.452
3.072 4.107 -0.335
3.114 4.149 -0.201
3.134 4.170 -0.048
3.114 4.149 0.126
3.016 4.051 0.247
4.674 2.315 0.164
4.600 2.241 0.140
4.569 2.209 0.041
4.554 2.195 -0.039
4.553 2.194 -0.117
4.558 2.199 -0.209
4.596 2.237 -0.306
4.674 2.315 -0.340
4.748 2.389 -0.296
4.790 2.431 -0.208
4.794 2.435 -0.117
4.787 2.428 -0.042
4.776 2.417 0.037
4.740 2.381 0.116
0.000 4.137 1.161
-0.173 4.137 1.161
-0.356 4.137 1.160
-0.562 4.137 1.157
-0.802 4.137 1.138
-1.010 4.137 1.030
-1.138 4.137 0.839
-1.200 4.137 0.619
-1.251 4.137 0.403
-1.290 4.137 0.183
-1.311 4.137 -0.049
-1.282 4.137 -0.284
-1.160 4.137 -0.487
-0.981 4.137 -0.641
-0.769 4.137 -0.733
-0.560 4.137 -0.787
-0.356 4.137 -0.795
-0.172 4.137 -0.795
0.000 4.137 -0.794
0.172 4.137 -0.793
0.355 4.137 -0.792
0.559 4.137 -0.786
0.769 4.137 -0.733
0.981 4.137 -0.641
1.160 4.137 -0.487
1.282 4.137 -0.284
1.311 4.137 -0.049
1.290 4.137 0.183
1.251 4.137 0.403
1.200 4.137 0.619
1.138 4.137 0.839
1.010 4.137 1.030
0.802 4.137 1.138
0.562 4.137 1.157
0.356 4.137 1.160
0.173 4.137 1.161
0.000 3.837 1.156
-0.167 3.837 1.156
-0.343 3.837 1.154
-0.541 3.837 1.148
-0.759 3.837 1.115
-0.950 3.837 1.008
-1.083 3.837 0.837
-1.167 3.837 0.636
-1.232 3.837 0.428
-1.273 3.837 0.211
-1.285 3.837 -0.015
-1.244 3.837 -0.242
-1.120 3.837 -0.435
-0.947 3.837 -0.583
-0.745 3.837 -0.676
-0.541 3.837 -0.727
-0.344 3.837 -0.733
-0.167 3.837 -0.733
0.000 3.837 -0.732
0.166 3.837 -0.732
0.343 3.837 -0.731
0.540 3.837 -0.724
0.745 3.837 -0.676
0.947 3.837 -0.583
1.120 3.837 -0.435
1.244 3.837 -0.242
1.285 3.837 -0.015
1.273 3.837 0.211
1.232 3.837 0.428
1.167 3.837 0.636
1.083 3.837 0.837
0.950 3.837 1.008
0.759 3.837 1.115
0.541 3.837 1.148
0.343 3.837 1.154
0.167 3.837 1.156
0.000 3.537 1.152
-0.161 3.537 1.152
-0.331 3.537 1.148
-0.519 3.537 1.138
-0.715 3.537 1.093
-0.890 3.537 0.987
-1.029 3.537 0.834
-1.134 3.537 0.653
-1.213 3.537 0.454
-1.255 3.537 0.240
-1.259 3.537 0.018
-1.206 3.537 -0.199
-1.080 3.537 -0.384
-0.913 3.537 -0.526
-0.720 3.537 -0.619
-0.523 3.537 -0.666
-0.332 3.537 -0.671
-0.161 3.537 -0.671
0.000 3.537 -0.671
0.160 3.537 -0.670
0.331 3.537 -0.669
0.521 3.537 -0.663
0.720 3.537 -0.619
0.913 3.537 -0.526
1.080 3.537 -0.384
1.206 3.537 -0.199
1.259 3.537 0.018
1.255 3.537 0.240
1.213 3.537 0.454
1.134 3.537 0.653
1.029 3.537 0.834
0.890 3.537 0.987
0.715 3.537 1.093
0.519 3.537 1.138
0.331 3.537 1.148
0.161 3.537 1.152
0.000 3.237 1.147
-0.155 3.237 1.147
-0.318 3.237 1.142
-0.497 3.237 1.129
-0.672 3.237 1.070
-0.830 3.237 0.965
-0.975 3.237 0.831
-1.101 3.237 0.669
-1.194 3.237 0.479
-1.238 3.237 0.269
-1.233 3.237 0.051
-1.168 3.237 -0.157
-1.040 3.237 -0.332
-0.878 3.237 -0.469
-0.696 3.237 -0.561
-0.505 3.237 -0.606
-0.320 3.237 -0.610
-0.155 3.237 -0.609
0.000 3.237 -0.609
0.155 3.237 -0.608
0.319 3.237 -0.608
0.502 3.237 -0.601
0.696 3.237 -0.561
0.878 3.237 -0.469
1.040 3.237 -0.332
1.168 3.237 -0.157
1.233 3.237 0.051
1.238 3.237 0.269
1.194 3.237 0.479
1.101 3.237 0.669
0.975 3.237 0.831
0.830 3.237 0.965
0.672 3.237 1.070
0.497 3.237 1.129
0.318 3.237 1.142
0.155 3.237 1.147
0.000 2.787 1.085
-0.157 2.787 1.084
-0.322 2.787 1.076
-0.502 2.787 1.061
-0.684 2.787 1.006
-0.858 2.787 0.911
-1.026 2.787 0.783
-1.159 2.787 0.613
-1.254 2.787 0.412
-1.293 2.787 0.191
-1.272 2.787 -0.033
-1.193 2.787 -0.243
-1.058 2.787 -0.420
-0.892 2.787 -0.558
-0.707 2.787 -0.651
-0.513 2.787 -0.697
-0.325 2.787 -0.702
-0.157 2.787 -0.702
0.000 2.787 -0.701
0.157 2.787 -0.700
0.324 2.787 -0.700
0.511 2.787 -0.693
0.707 2.787 -0.651
0.892 2.787 -0.558
1.058 2.787 -0.420
1.193 2.787 -0.243
1.272 2.787 -0.033
1.293 2.787 0.191
1.254 2.787 0.412
1.159 2.787 0.613
1.026 2.787 0.783
0.858 2.787 0.911
0.684 2.787 1.006
0.502 2.787 1.061
0.322 2.787 1.076
0.157 2.787 1.084
0.000 2.337 1.023
-0.160 2.337 1.020
-0.326 2.337 1.010
-0.508 2.337 0.993
-0.695 2.337 0.942
-0.886 2.337 0.857
-1.077 2.337 0.735
-1.218 2.337 0.557
-1.314 2.337 0.345
-1.347 2.337 0.114
-1.311 2.337 -0.118
-1.219 2.337 -0.330
-1.076 2.337 -0.508
-0.906 2.337 -0.647
-0.717 2.337 -0.741
-0.521 2.337 -0.789
-0.331 2.337 -0.795
-0.160 2.337 -0.794
0.000 2.337 -0.793
0.160 2.337 -0.792
0.329 2.337 -0.791
0.519 2.337 -0.786
0.717 2.337 -0.741
0.906 2.337 -0.647
1.076 2.337 -0.508
1.219 2.337 -0.330
1.311 2.337 -0.118
1.347 2.337 0.114
1.314 2.337 0.345
1.218 2.337 0.557
1.077 2.337 0.735
0.886 2.337 0.857
0.695 2.337 0.942
0.508 2.337 0.993
0.326 2.337 1.010
0.160 2.337 1.020
0.000 1.887 0.961
-0.162 1.887 0.957
-0.331 1.887 0.944
-0.513 1.887 0.925
-0.707 1.887 0.878
-0.914 1.887 0.803
-1.128 1.887 0.687
-1.276 1.887 0.501
-1.375 1.887 0.279
-1.402 1.887 0.036
-1.350 1.887 -0.202
-1.244 1.887 -0.416
-1.095 1.887 -0.596
-0.920 1.887 -0.736
-0.728 1.887 -0.831
-0.529 1.887 -0.880
-0.336 1.887 -0.888
-0.163 1.887 -0.887
0.000 1.887 -0.885
0.162 1.887 -0.884
0.334 1.887 -0.882
0.528 1.887 -0.878
0.728 1.887 -0.831
0.920 1.887 -0.736
1.095 1.887 -0.596
1.244 1.887 -0.416
1.350 1.887 -0.202
1.402 1.887 0.036
1.375 1.887 0.279
1.276 1.887 0.501
1.128 1.887 0.687
0.914 1.887 0.803
0.707 1.887 0.878
0.513 1.887 0.925
0.331 1.887 0.944
0.162 1.887 0.957
0.000 1.437 0.899
-0.165 1.437 0.893
-0.335 1.437 0.878
-0.519 1.437 0.857
-0.718 1.437 0.815
-0.942 1.437 0.749
-1.179 1.437 0.639
-1.334 1.437 0.444
-1.435 1.437 0.212
-1.456 1.437 -0.041
-1.389 1.437 -0.286
-1.269 1.437 -0.503
-1.113 1.437 -0.684
-0.934 1.437 -0.825
-0.739 1.437 -0.921
-0.537 1.437 -0.972
-0.342 1.437 -0.981
-0.165 1.437 -0.979
0.000 1.437 -0.977
0.165 1.437 -0.976
0.339 1.437 -0.974
0.536 1.437 -0.970
0.739 1.437 -0.921
0.934 1.437 -0.825
1.113 1.437 -0.684
1.269 1.437 -0.503
1.389 1.437 -0.286
1.456 1.437 -0.041
1.435 1.437 0.212
1.334 1.437 0.444
1.179 1.437 0.639
0.942 1.437 0.749
0.718 1.437 0.815
0.519 1.437 0.857
0.335 1.437 0.878
0.165 1.437 0.893
0.000 0.987 0.837
-0.167 0.987 0.830
-0.339 0.987 0.813
-0.524 0.987 0.789
-0.729 0.987 0.751
-0.970 0.987 0.696
-1.230 0.987 0.591
-1.393 0.987 0.388
-1.495 0.987 0.145
-1.511 0.987 -0.119
-1.428 0.987 -0.370
-1.294 0.987 -0.590
-1.131 0.987 -0.772
-0.948 0.987 -0.914
-0.749 0.987 -1.011
-0.545 0.987 -1.063
-0.348 0.987 -1.074
-0.168 0.987 -1.071
0.000 0.987 -1.069
0.167 0.987 -1.067
0.345 0.987 -1.065
0.545 0.987 -1.062
0.749 0.987 -1.011
0.948 0.987 -0.914
1.131 0.987 -0.772
1.294 0.987 -0.590
1.428 0.987 -0.370
1.511 0.987 -0.119
1.495 0.987 0.145
1.393 0.987 0.388
1.230 0.987 0.591
0.970 0.987 0.696
0.729 0.987 0.751
0.524 0.987 0.789
0.339 0.987 0.813
0.167 0.987 0.830
0.000 0.537 0.775
-0.170 0.537 0.766
-0.343 0.537 0.747
-0.530 0.537 0.721
-0.741 0.537 0.687
-0.999 0.537 0.642
-1.281 0.537 0.543
-1.451 0.537 0.332
-1.555 0.537 0.078
-1.565 0.537 -0.196
-1.467 0.537 -0.455
-1.320 0.537 -0.676
-1.149 0.537 -0.860
-0.961 0.537 -1.003
-0.760 0.537 -1.101
-0.553 0.537 -1.155
-0.353 0.537 -1.166
-0.171 0.537 -1.164
0.000 0.537 -1.162
0.170 0.537 -1.159
0.350 0.537 -1.157
0.553 0.537 -1.154
0.760 0.537 -1.101
0.961 0.537 -1.003
1.149 0.537 -0.860
1.320 0.537 -0.676
1.467 0.537 -0.455
1.565 0.537 -0.196
1.555 0.537 0.078
1.451 0.537 0.332
1.281 0.537 0.543
0.999 0.537 0.642
0.741 0.537 0.687
0.530 0.537 0.721
0.343 0.537 0.747
0.170 0.537 0.766
